6671.000000 0.000000 0.000000
6670.552162 38.648594 66.941329
6669.208708 77.292000 133.873670
6666.969818 115.925027 200.788037
6663.835793 154.542490 267.675445
6659.807054 193.139204 334.526914
6654.884141 231.709986 401.333468
6649.067716 270.249658 468.086138
6642.358559 308.753044 534.775960
6634.757572 347.214977 601.393980
6626.265775 385.630290 667.931256
6616.884307 423.993828 734.378852
6606.614430 462.300438 800.727847
6595.457520 500.544978 866.969333
6583.415077 538.722312 933.094416
6570.488718 576.827316 999.094218
6556.680177 614.854872 1064.959878
6541.991309 652.799876 1130.682552
6526.424086 690.657231 1196.253415
6509.980599 728.421856 1261.663665
6492.663054 766.088681 1326.904518
6474.473777 803.652647 1391.967215
6455.415211 841.108711 1456.843022
6435.489914 878.451844 1521.523226
6414.700561 915.677033 1585.999145
6393.049943 952.779279 1650.262120
6370.540969 989.753602 1714.303525
6347.176658 1026.595035 1778.114760
6322.960150 1063.298634 1841.687258
6297.894695 1099.859470 1905.012483
6271.983658 1136.272634 1968.081934
6245.230518 1172.533238 2030.887141
6217.638868 1208.636412 2093.419674
6189.212412 1244.577310 2155.671135
6159.954966 1280.351105 2217.633166
6129.870460 1315.952996 2279.297449
6098.962931 1351.378201 2340.655704
6067.236530 1386.621964 2401.699693
6034.695517 1421.679554 2462.421220
6001.344260 1456.546263 2522.812132
5967.187238 1491.217410 2582.864320
5932.229037 1525.688341 2642.569722
5896.474350 1559.954426 2701.920322
5859.927978 1594.011064 2760.908151
5822.594827 1627.853685 2819.525289
5784.479911 1661.477743 2877.763866
5745.588346 1694.878724 2935.616062
5705.925355 1728.052143 2993.074111
5665.496263 1760.993548 3050.130296
5624.306497 1793.698513 3106.776959
5582.361589 1826.162650 3163.006492
5539.667169 1858.381598 3218.811347
5496.228971 1890.351032 3274.184032
5452.052826 1922.066660 3329.117110
5407.144666 1953.524223 3383.603208
5361.510520 1984.719498 3437.635009
5315.156516 2015.648296 3491.205259
5268.088876 2046.306465 3544.306765
5220.313921 2076.689888 3596.932397
5171.838065 2106.794486 3649.075091
5122.667817 2136.616217 3700.727844
5072.809778 2166.151077 3751.883723
5022.270642 2195.395101 3802.535858
4971.057195 2224.344362 3852.677449
4919.176314 2252.994973 3902.301763
4866.634963 2281.343088 3951.402138
4813.440198 2309.384900 3999.971981
4759.599160 2337.116644 4048.004771
4705.119079 2364.534598 4095.494060
4650.007269 2391.635079 4142.433470
4594.271129 2418.414449 4188.816700
4537.918144 2444.869113 4234.637522
4480.955878 2470.995519 4279.889784
4423.391981 2496.790158 4324.567410
4365.234181 2522.249568 4368.664402
4306.490287 2547.370331 4412.174839
4247.168185 2572.149073 4455.092878
4187.275841 2596.582467 4497.412759
4126.821296 2620.667233 4539.128798
4065.812666 2644.400138 4580.235395
4004.258144 2667.777995 4620.727030
3942.165993 2690.797664 4660.598268
3879.544551 2713.456056 4699.843754
3816.402225 2735.750128 4738.458219
3752.747492 2757.676887 4776.436480
3688.588901 2779.233389 4813.773436
3623.935064 2800.416739 4850.464075
3558.794662 2821.224094 4886.503470
3493.176442 2841.652659 4921.886783
3427.089214 2861.699693 4956.609263
3360.541850 2881.362502 4990.666249
3293.543286 2900.638448 5024.053166
3226.102517 2919.524942 5056.765534
3158.228598 2938.019449 5088.798959
3089.930643 2956.119484 5120.149140
3021.217820 2973.822619 5150.811869
2952.099356 2991.126476 5180.783029
2882.584531 3008.028733 5210.058595
2812.682678 3024.527118 5238.634637
2742.403183 3040.619418 5266.507319
2671.755481 3056.303472 5293.672897
2600.749058 3071.577174 5320.127724
2529.393448 3086.438473 5345.868249
2457.698231 3100.885374 5370.891016
2385.673033 3114.915937 5395.192664
2313.327525 3128.528279 5418.769932
2240.671420 3141.720571 5441.619652
2167.714473 3154.491043 5463.738759
2094.466479 3166.837980 5485.124281
2020.937274 3178.759724 5505.773347
1947.136729 3190.254675 5525.683186
1873.074754 3201.321288 5544.851123
1798.761292 3211.958079 5563.274585
1724.206321 3222.163620 5580.951099
1649.419850 3231.936539 5597.878292
1574.411922 3241.275524 5614.053890
1499.192606 3250.179323 5629.475721
1423.772003 3258.646739 5644.141716
1348.160238 3266.676636 5658.049905
1272.367464 3274.267935 5671.198421
1196.403856 3281.419617 5683.585498
1120.279614 3288.130722 5695.209473
1044.004959 3294.400349 5706.068785
967.590131 3300.227656 5716.161978
891.045390 3305.611861 5725.487694
814.381014 3310.552241 5734.044683
737.607296 3315.048132 5741.831795
660.734544 3319.098931 5748.847984
583.773079 3322.704094 5755.092310
506.733234 3325.863137 5760.563933
429.625352 3328.575636 5765.262118
352.459788 3330.841226 5769.186236
275.246901 3332.659604 5772.335758
197.997058 3334.030525 5774.710263
120.720631 3334.953805 5776.309431
43.427995 3335.429321 5777.133048
-33.870471 3335.457007 5777.181003
-111.164389 3335.036862 5776.453290
-188.443383 3334.168940 5774.950006
-265.697075 3332.853360 5772.671353
-342.915093 3331.090296 5769.617637
-420.087070 3328.879986 5765.789269
-497.202645 3326.222727 5761.186761
-574.251463 3323.118876 5755.810733
-651.223180 3319.568849 5749.661906
-728.107460 3315.573123 5742.741105
-804.893983 3311.132234 5735.049259
-881.572436 3306.246778 5726.587403
-958.132526 3300.917413 5717.356670
-1034.563973 3295.144852 5707.358302
-1110.856516 3288.929872 5696.593640
-1186.999910 3282.273306 5685.064130
-1262.983932 3275.176048 5672.771319
-1338.798381 3267.639052 5659.716859
-1414.433078 3259.663329 5645.902501
-1489.877867 3251.249950 5631.330101
-1565.122618 3242.400044 5616.001615
-1640.157230 3233.114801 5599.919102
-1714.971627 3223.395466 5583.084720
-1789.555765 3213.243344 5565.500730
-1863.899630 3202.659800 5547.169492
-1937.993240 3191.646252 5528.093469
-2011.826648 3180.204181 5508.275221
-2085.389938 3168.335123 5487.717408
-2158.673236 3156.040671 5466.422792
-2231.666701 3143.322475 5444.394232
-2304.360534 3130.182244 5421.634684
-2376.744973 3116.621742 5398.147205
-2448.810301 3102.642789 5373.934949
-2520.546841 3088.247263 5349.001165
-2591.944962 3073.437095 5323.349203
-2662.995078 3058.214275 5296.982505
-2733.687649 3042.580847 5269.904613
-2804.013184 3026.538909 5242.119161
-2873.962240 3010.090615 5213.629881
-2943.525426 2993.238174 5184.440597
-3012.693402 2975.983848 5154.555228
-3081.456882 2958.329955 5123.977787
-3149.806632 2940.278864 5092.712380
-3217.733476 2921.832998 5060.763204
-3285.228294 2902.994835 5028.134549
-3352.282023 2883.766904 4994.830796
-3418.885661 2864.151787 4960.856416
-3485.030266 2844.152117 4926.215970
-3550.706955 2823.770578 4890.914111
-3615.906912 2803.009909 4854.955577
-3680.621382 2781.872896 4818.345196
-3744.841677 2760.362377 4781.087885
-3808.559174 2738.481241 4743.188644
-3871.765317 2716.232424 4704.652564
-3934.451622 2693.618915 4665.484817
-3996.609670 2670.643749 4625.690663
-4058.231118 2647.310012 4585.275444
-4119.307690 2623.620836 4544.244587
-4179.831186 2599.579401 4502.603601
-4239.793482 2575.188936 4460.358077
-4299.186525 2550.452716 4417.513686
-4358.002341 2525.374061 4374.076182
-4416.233034 2499.956339 4330.051396
-4473.870785 2474.202963 4285.445240
-4530.907855 2448.117389 4240.263701
-4587.336587 2421.703122 4194.512848
-4643.149404 2394.963706 4148.198821
-4698.338812 2367.902733 4101.327840
-4752.897402 2340.523835 4053.906198
-4806.817849 2312.830688 4005.940261
-4860.092911 2284.827012 3957.436471
-4912.715438 2256.516565 3908.401338
-4964.678363 2227.903148 3858.841447
-5015.974709 2198.990604 3808.763452
-5066.597590 2169.782815 3758.174077
-5116.540209 2140.283701 3707.080114
-5165.795859 2110.497225 3655.488422
-5214.357929 2080.427383 3603.405930
-5262.219897 2050.078216 3550.839629
-5309.375337 2019.453796 3497.796578
-5355.817919 1988.558235 3444.283898
-5401.541406 1957.395683 3390.308774
-5446.539660 1925.970323 3335.878453
-5490.806638 1894.286374 3281.000243
-5534.336399 1862.348090 3225.681513
-5577.123096 1830.159759 3169.929689
-5619.160985 1797.725704 3113.752257
-5660.444423 1765.050278 3057.156760
-5700.967865 1732.137870 3000.150796
-5740.725872 1698.992897 2942.742020
-5779.713106 1665.619811 2884.938138
-5817.924331 1632.023091 2826.746913
-5855.354417 1598.207250 2768.176157
-5891.998339 1564.176826 2709.233735
-5927.851177 1529.936390 2649.927559
-5962.908117 1495.490538 2590.265593
-5997.164452 1460.843895 2530.255847
-6030.615583 1426.001113 2469.906379
-6063.257018 1390.966870 2409.225291
-6095.084375 1355.745870 2348.220730
-6126.093381 1320.342843 2286.900887
-6156.279872 1284.762540 2225.273995
-6185.639795 1249.009740 2163.348329
-6214.169209 1213.089243 2101.132203
-6241.864282 1177.005871 2038.633970
-6268.721297 1140.764470 1975.862021
-6294.736647 1104.369904 1912.824785
-6319.906840 1067.827062 1849.530725
-6344.228495 1031.140849 1785.988340
-6367.698348 994.316190 1722.206160
-6390.313248 957.358030 1658.192750
-6412.070157 920.271332 1593.956703
-6432.966156 883.061074 1529.506646
-6452.998437 845.732252 1464.851231
-6472.164312 808.289879 1399.999138
-6490.461208 770.738982 1334.959076
-6507.886667 733.084602 1269.739777
-6524.438350 695.331795 1204.349997
-6540.114035 657.485630 1138.798516
-6554.911617 619.551188 1073.094136
-6568.829109 581.533563 1007.245677
-6581.864643 543.437858 941.261981
-6594.016468 505.269190 875.151908
-6605.282954 467.032681 808.924333
-6615.662586 428.733467 742.588148
-6625.153973 390.376690 676.152261
-6633.755838 351.967499 609.625590
-6641.467028 313.511051 543.017069
-6648.286507 275.012510 476.335640
-6654.213359 236.477045 409.590256
-6659.246789 197.909829 342.789879
-6663.386121 159.316041 275.943477
-6666.630799 120.700862 209.060026
-6668.980387 82.069478 142.148506
-6670.434570 43.427075 75.217901
-6670.993153 4.778841 8.277196
-6670.656061 -33.870034 -58.664620
-6669.423339 -72.514362 -125.598560
-6667.295152 -111.148954 -192.515636
-6664.271786 -149.768623 -259.406864
-6660.353648 -188.368183 -326.263263
-6655.541262 -226.942452 -393.075857
-6649.835276 -265.486250 -459.835674
-6643.236456 -303.994404 -526.533752
-6635.745687 -342.461742 -593.161136
-6627.363975 -380.883099 -659.708879
-6618.092446 -419.253318 -726.168047
-6607.932344 -457.567245 -792.529717
-6596.885034 -495.819738 -858.784978
-6584.951998 -534.005661 -924.924936
-6572.134840 -572.119885 -990.940709
-6558.435279 -610.157294 -1056.823434
-6543.855155 -648.112781 -1122.564266
-6528.396426 -685.981250 -1188.154377
-6512.061168 -723.757615 -1253.584962
-6494.851573 -761.436807 -1318.847236
-6476.769953 -799.013764 -1383.932435
-6457.818734 -836.483443 -1448.831822
-6438.000462 -873.840812 -1513.536683
-6417.317797 -911.080855 -1578.038330
-6395.773516 -948.198573 -1642.328104
-6373.370512 -985.188981 -1706.397371
-6350.111793 -1022.047115 -1770.237530
-6326.000481 -1058.768024 -1833.840010
-6301.039815 -1095.346778 -1897.196271
-6275.233144 -1131.778466 -1960.297807
-6248.583935 -1168.058198 -2023.136144
-6221.095764 -1204.181100 -2085.702847
-6192.772324 -1240.142325 -2147.989515
-6163.617416 -1275.937043 -2209.987785
-6133.634955 -1311.560448 -2271.689333
-6102.828967 -1347.007757 -2333.085874
-6071.203588 -1382.274212 -2394.169166
-6038.763064 -1417.355077 -2454.931006
-6005.511750 -1452.245642 -2515.363237
-5971.454111 -1486.941222 -2575.457745
-5936.594720 -1521.437160 -2635.206461
-5900.938258 -1555.728823 -2694.601364
-5864.489510 -1589.811607 -2753.634478
-5827.253372 -1623.680937 -2812.297878
-5789.234843 -1657.332264 -2870.583687
-5750.439026 -1690.761071 -2928.484079
-5710.871132 -1723.962870 -2985.991281
-5670.536473 -1756.933202 -3043.097572
-5629.440464 -1789.667641 -3099.795283
-5587.588623 -1822.161792 -3156.076803
-5544.986569 -1854.411292 -3211.934575
-5501.640022 -1886.411810 -3267.361099
-5457.554801 -1918.159052 -3322.348934
-5412.736827 -1949.648753 -3376.890697
-5367.192117 -1980.876686 -3430.979064
-5320.926784 -2011.838659 -3484.606773
-5273.947043 -2042.530513 -3537.766625
-5226.259198 -2072.948129 -3590.451482
-5177.869655 -2103.087423 -3642.654269
-5128.784910 -2132.944347 -3694.367979
-5079.011552 -2162.514893 -3745.585667
-5028.556265 -2191.795091 -3796.300458
-4977.425823 -2220.781010 -3846.505541
-4925.627092 -2249.468757 -3896.194177
-4873.167025 -2277.854481 -3945.359693
-4820.052666 -2305.934371 -3993.995489
-4766.291148 -2333.704657 -4042.095035
-4711.889687 -2361.161609 -4089.651872
-4656.855588 -2388.301542 -4136.659615
-4601.196241 -2415.120813 -4183.111954
-4544.919117 -2441.615818 -4229.002650
-4488.031774 -2467.783003 -4274.325543
-4430.541849 -2493.618852 -4319.074547
-4372.457062 -2519.119898 -4363.243654
-4313.785210 -2544.282717 -4406.826934
-4254.534171 -2569.103929 -4449.818535
-4194.711900 -2593.580203 -4492.212685
-4134.326431 -2617.708252 -4534.003691
-4073.385869 -2641.484836 -4575.185944
-4011.898398 -2664.906764 -4615.753913
-3949.872272 -2687.970890 -4655.702152
-3887.315821 -2710.674119 -4695.025296
-3824.237442 -2733.013401 -4733.718068
-3760.645605 -2754.985737 -4771.775270
-3696.548848 -2776.588177 -4809.191794
-3631.955777 -2797.817821 -4845.962616
-3566.875064 -2818.671818 -4882.082799
-3501.315449 -2839.147369 -4917.547493
-3435.285732 -2859.241724 -4952.351937
-3368.794779 -2878.952185 -4986.491457
-3301.851518 -2898.276106 -5019.961471
-3234.464936 -2917.210893 -5052.757483
-3166.644082 -2935.754003 -5084.875091
-3098.398061 -2953.902946 -5116.309983
-3029.736036 -2971.655286 -5147.057938
-2960.667226 -2989.008639 -5177.114827
-2891.200905 -3005.960675 -5206.476615
-2821.346399 -3022.509119 -5235.139360
-2751.113087 -3038.651748 -5263.099214
-2680.510400 -3054.386395 -5290.352422
-2609.547816 -3069.710947 -5316.895325
-2538.234863 -3084.623347 -5342.724360
-2466.581116 -3099.121593 -5367.836058
-2394.596196 -3113.203738 -5392.227049
-2322.289768 -3126.867891 -5415.894056
-2249.671539 -3140.112218 -5438.833903
-2176.751260 -3152.934940 -5461.043510
-2103.538721 -3165.334337 -5482.519894
-2030.043752 -3177.308742 -5503.260172
-1956.276221 -3188.856548 -5523.261560
-1882.246033 -3199.976206 -5542.521372
-1807.963126 -3210.666221 -5561.037021
-1733.437475 -3220.925159 -5578.806023
-1658.679085 -3230.751642 -5595.825991
-1583.697994 -3240.144351 -5612.094640
-1508.504269 -3249.102025 -5627.609786
-1433.108006 -3257.623461 -5642.369346
-1357.519328 -3265.707514 -5656.371337
-1281.748383 -3273.353100 -5669.613881
-1205.805346 -3280.559193 -5682.095199
-1129.700413 -3287.324823 -5693.813615
-1053.443801 -3293.649084 -5704.767556
-977.045749 -3299.531126 -5714.955551
-900.516516 -3304.970159 -5724.376233
-823.866375 -3309.965453 -5733.028336
-747.105618 -3314.516337 -5740.910698
-670.244552 -3318.622201 -5748.022263
-593.293496 -3322.282492 -5754.362073
-516.262782 -3325.496720 -5759.929279
-439.162753 -3328.264453 -5764.723134
-362.003759 -3330.585319 -5768.742992
-284.796162 -3332.459007 -5771.988315
-207.550326 -3333.885266 -5774.458667
-130.276624 -3334.863903 -5776.153716
-52.985431 -3335.394787 -5777.073235
24.312877 -3335.477847 -5777.217099
101.607920 -3335.113073 -5776.585291
178.889321 -3334.300512 -5775.177894
256.146703 -3333.040274 -5772.995098
333.369694 -3331.332528 -5770.037195
410.547926 -3329.177504 -5766.304584
487.671036 -3326.575490 -5761.797764
564.728669 -3323.526836 -5756.517341
641.710479 -3320.031952 -5750.464024
718.606130 -3316.091307 -5743.638627
795.405298 -3311.705430 -5736.042064
872.097672 -3306.874909 -5727.675356
948.672955 -3301.600393 -5718.539627
1025.120864 -3295.882591 -5708.636103
1101.431137 -3289.722270 -5697.966114
1177.593527 -3283.120257 -5686.531092
1253.597808 -3276.077439 -5674.332573
1329.433776 -3268.594761 -5661.372195
1405.091249 -3260.673227 -5647.651697
1480.560069 -3252.313903 -5633.172921
1555.830102 -3243.517909 -5617.937813
1630.891243 -3234.286426 -5601.948417
1705.733414 -3224.620696 -5585.206880
1780.346566 -3214.522014 -5567.715450
1854.720681 -3203.991737 -5549.476475
1928.845774 -3193.031278 -5530.492405
2002.711891 -3181.642111 -5510.765787
2076.309117 -3169.825762 -5490.299271
2149.627568 -3157.583820 -5469.095605
2222.657402 -3144.917927 -5447.157635
2295.388812 -3131.829785 -5424.488308
2367.812034 -3118.321150 -5401.090666
2439.917344 -3104.393836 -5376.967851
2511.695060 -3090.049713 -5352.123102
2583.135545 -3075.290708 -5326.559754
2654.229208 -3060.118801 -5300.281241
2724.966504 -3044.536030 -5273.291090
2795.337933 -3028.544487 -5245.592924
2865.334049 -3012.146319 -5217.190464
2934.945454 -2995.343727 -5188.087522
3004.162800 -2978.138969 -5158.288006
3072.976796 -2960.534353 -5127.795916
3141.378200 -2942.532243 -5096.615348
3209.357830 -2924.135057 -5064.750486
3276.906558 -2905.345264 -5032.205611
3344.015315 -2886.165387 -4998.985090
3410.675091 -2866.598002 -4965.093385
3476.876935 -2846.645736 -4930.535045
3542.611960 -2826.311267 -4895.314712
3607.871338 -2805.597325 -4859.437113
3672.646309 -2784.506693 -4822.907066
3736.928175 -2763.042201 -4785.729475
3800.708305 -2741.206731 -4747.909333
3863.978137 -2719.003216 -4709.451716
3926.729174 -2696.434636 -4670.361789
3988.952993 -2673.504022 -4630.644800
4050.641239 -2650.214452 -4590.306081
4111.785628 -2626.569052 -4549.351048
4172.377952 -2602.570999 -4507.785201
4232.410075 -2578.223514 -4465.614120
4291.873937 -2553.529866 -4422.843467
4350.761555 -2528.493370 -4379.478984
4409.065021 -2503.117389 -4335.526494
4466.776507 -2477.405328 -4290.991899
4523.888266 -2451.360640 -4245.881177
4580.392628 -2424.986823 -4200.200385
4636.282008 -2398.287417 -4153.955658
4691.548902 -2371.266007 -4107.153202
4746.185888 -2343.926221 -4059.799303
4800.185632 -2316.271729 -4011.900319
4853.540883 -2288.306245 -3963.462680
4906.244478 -2260.033524 -3914.492891
4958.289340 -2231.457361 -3864.997525
5009.668481 -2202.581594 -3814.983229
5060.375003 -2173.410099 -3764.456717
5110.402098 -2143.946792 -3713.424773
5159.743050 -2114.195631 -3661.894250
5208.391233 -2084.160609 -3609.872065
5256.340115 -2053.845758 -3557.365204
5303.583260 -2023.255150 -3504.380716
5350.114323 -1992.392891 -3450.925716
5395.927058 -1961.263125 -3397.007380
5441.015313 -1929.870032 -3342.632948
5485.373035 -1898.217827 -3287.809720
5528.994268 -1866.310759 -3232.545056
5571.873155 -1834.153112 -3176.846378
5614.003939 -1801.749204 -3120.721164
5655.380963 -1769.103386 -3064.176948
5695.998673 -1736.220040 -3007.221323
5735.851614 -1703.103583 -2949.861936
5774.934436 -1669.758460 -2892.106489
5813.241892 -1636.189148 -2833.962735
5850.768837 -1602.400154 -2775.438481
5887.510233 -1568.396016 -2716.541586
5923.461149 -1534.181298 -2657.279956
5958.616755 -1499.760595 -2597.661549
5992.972333 -1465.138527 -2537.694369
6026.523269 -1430.319744 -2477.386468
6059.265060 -1395.308921 -2416.745943
6091.193308 -1360.110757 -2355.780935
6122.303727 -1324.729979 -2294.499630
6152.592141 -1289.171338 -2232.910256
6182.054481 -1253.439607 -2171.021083
6210.686794 -1217.539583 -2108.840419
6238.485234 -1181.476088 -2046.376613
6265.446068 -1145.253964 -1983.638052
6291.565678 -1108.878072 -1920.633160
6316.840557 -1072.353298 -1857.370396
6341.267309 -1035.684545 -1793.858253
6364.842657 -998.876737 -1730.105260
6387.563435 -961.934816 -1666.119975
6409.426592 -924.863741 -1601.910990
6430.429193 -887.668491 -1537.486926
6450.568417 -850.354058 -1472.856433
6469.841562 -812.925453 -1408.028187
6488.246038 -775.387701 -1343.010894
6505.779376 -737.745843 -1277.813283
6522.439220 -700.004932 -1212.444107
6538.223335 -662.170035 -1146.912144
6553.129601 -624.246232 -1081.226191
6567.156016 -586.238616 -1015.395068
6580.300698 -548.152289 -949.427614
6592.561881 -509.992364 -883.332687
6603.937919 -471.763966 -817.119159
6614.427285 -433.472227 -750.795921
6624.028571 -395.122288 -684.371878
6632.740487 -356.719299 -617.855949
6640.561864 -318.268414 -551.257064
6647.491651 -279.774798 -484.584165
6653.528918 -241.243618 -417.846203
6658.672855 -202.680047 -351.052140
6662.922771 -164.089264 -284.210943
6666.278095 -125.476450 -217.331586
6668.738377 -86.846789 -150.423050
6670.303286 -48.205467 -83.494318
6670.972613 -9.557673 -16.554375
